1002569
1003065
1000806
1003135
1000807
1003064
1065092
1007352
1023201
1001040
1004157
1001252
1005161
1002724
1069981
1002568
1003066
1032888
1003055
1032887
1003058
1003056
1059478
1003057
1063093
1059329
1001079
1001299
1001385
1020184
1011206
1003315
1008816
1000905
1007341
1000566
1002273
1002066
1001558
1007572
1001761
1002103
1000853
1006297
1002916
1000565
1008197
1000866
1003430
1008963
1000023
1001608
1000865
1000153
1001353
1007979
1006031
1008979
1003779
1003669
1002220
1000539
1002570
1004908
1000099
1006905
1001441
1003668
1001724
1016483
1018279
1018410
1002571
1007985
1006640
1000538
1002202
1021359
1013733
1000064
1015450
1049520
1001468
1001667
1006688
1012275
1012112
1011560
1012525
1004312
1011848
1005421
1002090
1002262
1001028
1001067
1022530
1020191
1000647
1000655
1002868
1000863
1006170
1000736
1001099
1001706
1003929
1005083
1000767
1008241
1001226
1012291
1000010
1002678
1007720
1000107
1000017
1001718
1007006
1009178
1007276
1000364
1004103
1001084
1012649
1007618
1001144
1000452
1018759
1001894
1001237
1001242
1000816
1008512
1002823
1001424
1000903
1005223
1001439
1004403
1002187
1001274
1001463
1001987
1000419
1000462
1004847
1001230
1001262
1001246
1006593
1001122
1001343
1001548
1000211
1000350
1001298
1001536
1007004
1006405
1004031
1002994
1006526
1005887
1001488
1009303
1001160
1008736
1000614
1000491
1008695
1002536
1008989
1010946
1005954
1001347
1000545
1002967
1000465
1005331
1001391
1000453
1005140
1001335
1000346
1006134
1000331
1001886
1001693
1005236
1002291
1002022
1005159
1005078
1002750
1004630
1004989
1001544
1002706
1009638
1000394
1003242
1001734
1004774
1002008
1013795
1014109
1013118
1003916
1018155
1004124
1004953
1000110
1004254
1007941
1000141
1005995
1004018
1000327
1001368
1007510
1002499
1002293
1002086
1001194
1003571
1011922
1000888
1001302
1000335
1004969
1000731
1008841
1006287
1041973
1060563
1000240
1061054
1050434
1011831
1001313
1011393
1004635
1006663
1000212
1000059
1011741
1012569
1000158
1000146
1012768
1007149
1006182
1004311
1007604
1001891
1001791
1001789
1001779
1000679
1006664
1008411
1004415
1000432
1002373
1002368
1008196
1001648
1007173
1001057
1003022
1000117
1000216
1000412
1000849
1003461
1004865
1000207
1001474
1008229
1001280
1001730
1000923
1001983
1006399
1007744
1009508
1001167
1008803
1001405
1000013
1049451
1042244
1013334
1002731
1010189
1001802
1009900
1000579
1012166
1000514
1005274
1017056
1005135
1005902
1003234
1012313
1034387
1035889
1005290
1018249
1000032
1001327
1003260
1003143
1006133
1001414
1023133
1000304
1053063
1011713
1005392
1007058
1002269
1002256
1001820
1008935
1019594
1001380
1022387
1000053
1001279
1020090
1000385
1005804
1006294
1006961
1001420
1008666
1005343
1003331
1007115
1006416
1001051
1003220
1003905
1010936
1001238
1001431
1004177
1002159
1004757
1002241
1001374
1006510
1006162
1006388
1006066
1005827
1005693
1003041
1003555
1003469
1007503
1001490
1002420
1007632
1006878
1003405
1007049
1004790
1001427
1001425
1009668
1006045
1001650
1002607
1009603
1001109
1006537
1001564
1001263
1000518
1001062
1001201
1001198
1005043
1002748
1007367
1006440
1003054
1014643
1000028
1010032
1001357
1007130
1003045
1002322
1001941
1001169
1001236
1008630
1006858
1000243
1008575
1008528
1004470
1003619
1000637
1010480
1004683
1002808
1007500
1004359
1003078
1003141
1000497
1004658
1002343
1000368
1000649
1007809
1005878
1001498
1000617
1001023
1000228
1005430
1001045
1008339
1004608
1003623
1002527
1005510
1006402
1000286
1008192
1004650
1004574
1001436
1002379
1001156
1002136
1005120
1000112
1009794
1003299
1003894
1008108
1002134
1001732
1000103
1004732
1001848
1010838
1001318
1001339
1004117
1013710
1013421
1000055
1000312
1003878
1004519
1004781
1002814
1000157
1000897
1019156
1001152
1008482
1003877
1000955
1000762
1000330
1001139
1003209
1004267
1001514
1001723
1003738
1004898
1004171
1000967
1005035
1005028
1005191
1005540
1000220
1000199
1007843
1000242
1000841
1004066
1002663
1007539
1008095
1007867
1000319
1010044
1005826
1011375
1001481
1000096
1000034
1006523
1000180
1000181
1000714
1004869
1000640
1000895
1001104
1006082
1000486
1000109
1003223
1000050
1000591
1001217
1004640
1004506
1002914
1003298
1004987
1003617
1006224
1000427
1008921
1008162
1007594
1008398
1008365
1002587
1001858
1000500
1015916
1002963
1000222
1001275
1000406
1007857
1011668
1011068
1010513
1009539
1000247
1001195
1008273
1022661
1001382
1002860
1008552
1017827
1034808
1001078
1001743
1029444
1005962
1012519
1005072
1002354
1000584
1001002
1001261
1021302
1002279
1002313
1001119
1007630
1000449
1002977
1007166
1004945
1016218
1000476
1001621
1004713
1002831
1003826
1000128
1003137
1006303
1007337
1001690
1001113
1010241
1010010
1007405
1008779
1001232
1005904
1002406
1001324
1001248
1007649
1002415
1001504
1001378
1000685
1011516
1011497
1000252
1001331
1003114
1006355
1003000
1006163
1001199
1009221
1008513
1006002
1008402
1000164
1005119
1002561
1000676
1004673
1002869
1002935
1003261
1002786
1002630
1004555
1002641
1005088
1005599
1013830
1011184
1001322
1002803
1003300
1004123
1002830
1001010
1000965
1000266
1005339
1005332
1004288
1002498
1001475
1011864
1005579
1006524
1066353
1060162
1110905
1049108
1108168
1000480
1000582
1008347
1008343
1007204
1007643
1006990
1001105
1002232
1008853
1000225
1000014
1001017
1000503
1006382
1001345
1006276
1002784
1049172
1001390
1000086
1010622
1000819
1000495
1000287
1037837
1017578
1015959
1001778
1002613
1001371
1038799
1046399
1012427
1000481
1006329
1002173
1004473
1000063
1002259
1000824
1015999
1000814
1002268
1007640
1007340
1007461
1005591
1009558
1009435
1019277
1006077
1005334
1007259
1009894
1005387
1006554
1004510
1007432
1009415
1003460
1009707
1006830
1000463
1005322
1005275
1017508
1000638
1001133
1001008
1003850
1006983
1004196
1004412
1010569
1000502
1002530
1005506
1008155
1000251
1001159
1008352
1001148
1009092
1008648
1009258
1010257
1001808
1011875
1001282
1007605
1001048
1006036
1002933
1001624
1004050
1005280
1004168
1001944
1021362
1000464
1003448
1004741
1004197
1002887
1002559
1005537
1002426
1008860
1001284
1008016
1014286
1009552
1001233
1002481
1004243
1000684
1013632
1003500
1003476
1003440
1000309
1003452
1010909
1005529
1000290
1038277
1038283
1047447
1052732
1005239
1012018
1007848
1003134
1001330
1005561
1005911
1006964
1009594
1001297
1000255
1009118
1000125
1000479
1001085
1038312
1007306
1005238
1065519
1048397
1060958
1129384
1006482
1000917
1003023
1005991
1002243
1007361
1001399
1003655
1001064
1008403
1002350
1005459
1000729
1000389
1000060
1003775
1008621
1000145
1005040
1013112
1007765
1007999
1006552
1002603
1038245
1004225
1003146
1012277
1000163
1003429
1012015
1012154
1001411
1008499
1006342
1000949
1006185
1007575
1006895
1004941
1006331
1002789
1000262
1012715
1000353
1001379
1011757
1010372
1005195
1006120
1001212
1006052
1006927
1002340
1001244
1009713
1009684
1005272
1006654
1001329
1009613
1014908
1001321
1001412
1003033
1002631
1010120
1002999
1003960
1000399
1002647
1010171
1007609
1001483
1001572
1003608
1005619
1001203
1006259
1005654
1000911
1000771
1004369
1002025
1004187
1002832
1017317
1003195
1002271
1004666
1002864
1002118
1009722
1002039
1000758
1004241
1005892
1132291
1007198
1011829
1011641
1001401
1002251
1001555
1003534
1004988
1011622
1005448
1000848
1000295
1005271
1006268
1000046
1003863
1000008
1001098
1018214
1020150
1019653
1008564
1002182
1002329
1004167
1008435
1007880
1002779
1019533
1013252
1001830
1001928
1002995
1008060
1009102
1000321
1001487
1015070
1005692
1001766
1005770
1014762
1001351
1005655
1000458
1005782
1000543
1002826
1000533
1003797
1000682
1004788
1007610
1001658
1009324
1008769
1001663
1005683
1001885
1002418
1005571
1006457
1006149
1002736
1002948
1003229
1003991
1002845
1002879
1005974
1002961
1000056
1002357
1004878
1002828
1000810
1001647
1020849
1006034
1007671
1007924
1002019
1016603
1002170
1007725
1005970
1003626
1004946
1003224
1001445
1006547
1008645
1001259
1006254
1007322
1006850
1006532
1002064
1000912
1001619
1001774
1001790
1007486
1000108
1002600
1005262
1007290
1011176
1008728
1000072
1003545
1016470
1001077
1017198
1004269
1002077
1000174
1002060
1000716
1044820
1003492
1002132
1002277
1003897
1008928
1000126
1001175
1020543
1021242
1013998
1012455
1004846
1009555
1000069
1001316
1001340
1000192
1001389
1001273
1006742
1003503
1013140
1001224
1007072
1002255
1007294
1006337
1005699
1000817
1010429
1011301
1005253
1001307
1013667
1003410
1001410
1000616
1001285
1012024
1001810
1005388
1001595
1007926
1004943
1004026
1005484
1004851
1005749
1005213
1002327
1002519
1003821
1000988
1006979
1005091
1000804
1003029
1005105
1001036
1000396
1000633
1021081
1000961
1001075
1001989
1002429
1005977
1005747
1008286
1011129
1001552
1011910
1004459
1001617
1004333
1006290
1000305
1007722
1000078
1000828
1001460
1006705
1001556
1001493
1002315
1003371
1002265
1005912
1000677
1006793
1007242
1005889
1009408
1000784
1001325
1000341
1019658
1020927
1005317
1002363
1005947
1053600
1047444
1048115
1012357
1011911
1001949
1016112
1018259
1001043
1000772
1001013
1008797
1001110
1004743
1008465
1009823
1001317
1000119
1008025
1000250
1004798
1005162
1005557
1005252
1000576
1002037
1000026
1001543
1007129
1000183
1008088
1003708
1008875
1003272
1004811
1013817
1001530
1005502
1014477
1010249
1006438
1000356
1010220
1009851
1009466
1002370
1000507
1009247
1011808
1011214
1008906
1009525
1007525
1007188
1009637
1004009
1001083
1000429
1006225
1006078
1002922
1003172
1004059
1003895
1004570
1003690
1004591
1004378
1004431
1003194
1013773
1004681
1016417
1000300
1005504
1004457
1005050
1005495
1004348
1000658
1003983
1010875
1005350
1004972
1000029
1000754
1001052
1003391
1005006
1005645
1004859
1062982
1002552
1008307
1000254
1005573
1002200
1005869
1002470
1007629
1001780
1003513
1004176
1011005
1010221
1008156
1009800
1014340
1004572
1004463
1002263
1001666
1001392
1005628
1001473
1000111
1008833
1041517
1022392
1033618
1001292
1011871
1011390
1009595
1011612
1011075
1006630
1011278
1011845
1020714
1000124
1000634
1001197
1018500
1010327
1000968
1006726
1006479
1004645
1009533
1021285
1019232
1001981
1010606
1013157
1006213
1001550
1000301
1000928
1002754
1010567
1014403
1014852
1013243
1014553
1004520
1004850
1002414
1000338
1005464
1004954
1009479
1007770
1007830
1005008
1008562
1006295
1005069
1002061
1007063
1006334
1005490
1005081
1002987
1004402
1004271
1003084
1004885
1001933
1004592
1001840
1004452
1004442
1000939
1003666
1002513
1003240
1009616
1004755
1001372
1012368
1007089
1004464
1004310
1003923
1002030
1006598
1008427
1009697
1004624
1000025
1001785
1003879
1006841
1007483
1002181
1000710
1001729
1001635
1003395
1005287
1011705
1010273
1010984
1001172
1011219
1009229
1000127
1002392
1006944
1002690
1009572
1007992
1003680
1007507
1004512
1002146
1006605
1011430
1010556
1003280
1000835
1038639
1000692
1001312
1111814
1053595
1005052
1008373
1006083
1000834
1008354
1000019
1017099
1008837
1006804
1006205
1011596
1011828
1003873
1001645
1003263
1006711
1000794
1010571
1051924
1005098
1007001
1008002
1004471
1007927
1000978
1006653
1021223
1007220
1014539
1014458
1004714
1001510
1011450
1010234
1001333
1001842
1010330
1006947
1006837
1009723
1005371
1005701
1005032
1005909
1000948
1000397
1006108
1013313
1002733
1006065
1004951
1003325
1001053
1008181
1004387
1009733
1011143
1010561
1001700
1010764
1000088
1002982
1000172
1008432
1006117
1004575
1002912
1004388
1004185
1003694
1001750
1022585
1013935
1002303
1003550
1003656
1021279
1001770
1004481
1006374
1001281
1000170
1008770
1059602
1059674
1059735
1050006
1000902
1001783
1006680
1001951
1000759
1002284
1002087
1002452
1004140
1008114
1004141
1006312
1006160
1006563
1002565
1008632
1006296
1006095
1003808
1010957
1003189
1002581
1002439
1012446
1011920
1008195
1011163
1021283
1012213
1004251
1004118
1004376
1008929
1012225
1005219
1017443
1000553
1000150
1000505
1007784
1002863
1005211
1007838
1002659
1000686
1000293
1000467
1016192
1007401
1000073
1006288
1001484
1007729
1002740
1000707
1002560
1002582
1004099
1000474
1000515
1007585
1008597
1000661
1000578
1011431
1006308
1005202
1007279
1009447
1004394
1006250
1006047
1004416
1002486
1004417
1004694
1005000
1002865
1004052
1006330
1008167
1001178
1014771
1009452
1000132
1008319
1000067
1015347
1003911
1003414
1000971
1004928
1006935
1006623
1011837
1013128
1002626
1001479
1010708
1008700
1005012
1001616
1004964
1001887
1132489
1010067
1016376
1001980
1000081
1001518
1001844
1001428
1004170
1007423
1000812
1005449
1013055
1000510
1033299
1013150
1003155
1006617
1000101
1000260
1017233
1001965
1002661
1036630
1011519
1027225
1012241
1016754
1006678
1000691
1007986
1019074
1016558
1003938
1006115
1008689
1006933
1003859
1000136
1012955
1021324
1004154
1007463
1010417
1006456
1006798
1003807
1001303
1001124
1007017
1009254
1003658
1001304
1006483
1007275
1000881
1014844
1005677
1006829
1000469
1006048
1009437
1004439
1003095
1008612
1007614
1003049
1008265
1006737
1008729
1009091
1003564
1003830
1001255
1001018
1004716
1004895
1004769
1003865
1003383
1001214
1006857
1037409
1012430
1012397
1009424
1009472
1002752
1004314
1007636
1004353
1004509
1008866
1014329
1014359
1011178
1000168
1015976
1001349
1000257
1007053
1006894
1004703
1003345
1003419
1000277
1007845
1001007
1007271
1006489
1007012
1008676
1008412
1006941
1014981
1012192
1012417
1003974
1018694
1012520
1009482
1009219
1013612
1006084
1006123
1008887
1000087
1008431
1002757
1012070
1012729
1005228
1013984
1002160
1001592
1006336
1010362
1001855
1001599
1003356
1003458
1001877
1001305
1006791
1005998
1009949
1003075
1007002
1009494
1007923
1009243
1012124
1000398
1001376
1003602
1000915
1004437
1006122
1005667
1008644
1003274
1006262
1010895
1009716
1001108
1004426
1009953
1012883
1002105
1009343
1000862
1002667
1021338
1004727
1001000
1000238
1000642
1002203
1002092
1007685
1005142
1004553
1007771
1000097
1001868
1064783
1066179
1013997
1008772
1000037
1003629
1003249
1004670
1007422
1001188
1007371
1002302
1004663
1007730
1008429
1007869
1006925
1000057
1001996
1000868
1002621
1010255
1008019
1006395
1007317
1001192
1001936
1002525
1053083
1002028
1015092
1007635
1021360
1038590
1001758
1007223
1046801
1039168
1053596
1023077
1013473
1015598
1005090
1002589
1009325
1003290
1002507
1011276
1001073
1009703
1007082
1009475
1005133
1009656
1013185
1003746
1001834
1001223
1006387
1007028
1009592
1007158
1009645
1008457
1011359
1004849
1000381
1004861
1001922
1000040
1000400
1004017
1008053
1004627
1009785
1001851
1006135
1005379
1003716
1004669
1003936
1008254
1004556
1004166
1004303
1014678
1000011
1011146
1009002
1005829
1001221
1005345
1020491
1003772
1000378
1004910
1005065
1001526
1004133
1001080
1001971
1007515
1005664
1000490
1006372
1005597
1007248
1007582
1003990
1007544
1007021
1001074
1007121
1014283
1001720
1008240
1000215
1006309
1005763
1004992
1005117
1006627
1004912
1007343
1006198
1000303
1006436
1007159
1001209
1007836
1005552
1005785
1003816
1000813
1000770
1001115
1000237
1038991
1020179
1000071
1000942
1004213
1007664
1006778
1002286
1001408
1001288
1003870
1007583
1009279
1012938
1049282
1009625
1001717
1000365
1001363
1006278
1008868
1008588
1001901
1005940
1005720
1008035
1005080
1001087
1002326
1004511
1006486
1008451
1014894
1013543
1010644
1003510
1012644
1006178
1007054
1002102
1003561
1009365
1001442
1000402
1010910
1010514
1007255
1007216
1006960
1004643
1003819
1005472
1004478
1004718
1004560
1004914
1003754
1001218
1009458
1001193
1005046
1000972
1003206
1003560
1000371
1013475
1013269
1006269
1003425
1008356
1012967
1004494
1000273
1000855
1005301
1002267
1005860
1008858
1000194
1003264
1022383
1022744
1002585
1002753
1018833
1008221
1007161
1001930
1003914
1008589
1008859
1007033
1006864
1007333
1005220
1005794
1006273
1009193
1009277
1006665
1011401
1005917
1003726
1005227
1006152
1006244
1008378
1003801
1000135
1008178
1001418
1002449
1008810
1001589
1062949
1016824
1012770
1002252
1001395
1006564
1006455
1002476
1007625
1005668
1006885
1008755
1001111
1000068
1047259
1005437
1000904
1000724
1012858
1039008
1000900
1017247
1006716
1019054
1004918
1009439
1007044
1017595
1004902
1001247
1005196
1004748
1004710
1006253
1006353
1004817
1007584
1000829
1008017
1007164
1009698
1003824
1006909
1006444
1005691
1006499
1003650
1001524
1014897
1000483
1010493
1010754
1000549
1008619
1010027
1004385
1010679
1009879
1001240
1005959
1008085
1007820
1003964
1001824
1016020
1009394
1002780
1008106
1001787
1003893
1002867
1048181
1015950
1010392
1008302
1008309
1002936
1003998
1000864
1000693
1000628
1007389
1000871
1002601
1008850
1005831
1019787
1001384
1037849
1005386
1006130
1000523
1006536
1020934
1001355
1004795
1000914
1004201
1010266
1010294
1007182
1006914
1006835
1003077
1002333
1010353
1008056
1004771
1009901
1011426
1009729
1011085
1005847
1004329
1000425
1000278
1002073
1007628
1004410
1003268
1006169
1004845
1011077
1014406
1013174
1001862
1000805
1000581
1020958
1001323
1004490
1004361
1001170
1004623
1018695
1002798
1010311
1006548
1008399
1001367
1000920
1004763
1001162
1000791
1000173
1002033
1008426
1000405
1007071
1000798
1007178
1000966
1002282
1006662
10
1004252
1025526
1002349
1000607
1011663
1000598
1023432
1003390
1001050
1016568
1006195
1001533
1005130
1012375
1006959
1006102
1001264
1001465
1009342
1007646
1009012
1008557
1014540
1006286
1007512
1014710
1001459
1014843
1007112
1002319
1000336
1001964
1006883
1007834
1006574
1012073
1008749
1003289
1009442
1009773
1007619
1001035
1005188
1005169
1010170
1006631
1002558
1013671
1003527
1004496
1004888
1003706
1002247
1011867
1001266
1000294
1001721
1001196
1005116
1000038
1007393
1000383
1038909
1003204
1002775
1009253
1001792
1005558
1005146
1000629
1004265
1008063
1003426
1004161
1002598
1010371
1012059
1008247
1045812
1000733
1000992
1000219
1003479
1022179
1009836
1002844
1019443
1005934
1001760
1006040
1006852
1006913
1006398
1002457
1013921
1007698
1006338
1000456
1010664
1007624
1006375
1001200
1002898
1003749
1004667
1003753
1003230
1002434
1003677
1004350
1005144
1002485
1004365
1010624
1002543
1005422
1001269
1001141
1003651
1014372
1132815
1008519
1002151
1006980
1005795
1000951
1005170
1000116
1009745
1020945
1007143
1022419
1007029
1010026
1011033
1006607
1004894
1006740
1004146
1009906
1006600
1000808
1012658
1007595
1007564
1007094
1001239
1013472
1019607
1001538
1007490
1005757
1008218
1001257
1006404
1007140
1008636
1000311
1005922
1006029
1013525
1001416
1001174
1008800
1000493
1006090
1008559
1000623
1004679
1006207
1004504
1004856
1004648
1002360
1007310
1006139
1008420
1009923
1001136
1010815
1001670
1004386
1008387
1007821
1007450
1008190
1006504
1002892
1006658
1001155
1013304
1007113
1005690
1007781
1017986
1011823
1034635
1041535
1002306
1001454
1015765
1001072
1006782
1021188
1006094
1012777
1000382
1009421
1002245
1001058
1006811
1019413
1008496
1007425
1014619
1003582
1001953
1001870
1001207
1008808
1003931
1000567
1000851
1005813
1004841
1003342
1002787
1010054
1006763
1006193
1011341
1001945
1005377
1003685
1005053
1002998
1010099
1002718
1000420
1008143
1001525
1004709
1001095
1001437
1004793
1007227
1000688
1000274
1005470
1005930
1007030
1002437
1039554
1037973
1012224
1002257
1001628
1005153
1012812
1005853
1010958
1000945
1004835
1001591
1009635
1004456
1003796
1004754
1005291
1005417
1004997
1006668
1005415
1007600
1005016
1000033
1001342
1002635
1005246
1001781
1003825
1004087
1004326
1003396
1002115
1004959
1003891
1011002
1021270
1005184
1004922
1004896
1006420
1000517
1006445
1000085
1021363
1010759
1053804
1001485
1000893
1007689
1004642
1002201
1006061
1010157
1006085
1005414
1003915
1000115
1000079
1001014
1007491
1008785
1014375
1001626
1005942
1009280
1009110
1010820
1004697
1003942
1000715
1003154
1008186
1005695
1004195
1004944
1004319
1013307
1005543
1000360
1000114
1021184
1007218
1053826
1001158
1001055
1006363
1000982
1009605
1004792
1005011
1003406
1000941
1000984
1043850
1000143
1002328
1004482
1000246
1006918
1008337
1004074
1037898
1005079
1003652
1007752
1014745
1004242
1001147
1005773
1011153
1003589
1006761
1007750
1006233
1004282
1009675
1005792
1002483
1001507
1013011
1008090
1000878
1009191
1009386
1009211
1008885
1009401
1005723
1001480
1005523
1003881
1006006
1004545
1020883
1006646
1003570
1005281
1009670
1002638
1001271
1002330
1008561
1032935
1034227
1048043
1042877
1005218
1006963
1005320
1013851
1009438
1003598
1004088
1004330
1018424
1005342
1002959
1013078
1007667
1008521
1009650
1013619
1014260
1005624
1005738
1000526
1009884
1011804
1000130
1000662
1005949
1010346
1002520
1004116
1006126
1004677
1000426
1007555
1000445
1003725
1007200
1007046
1004749
1004127
1001829
1000884
1012740
1006508
1001505
1006557
1005060
1000285
1002884
1005737
1001565
1001094
1003508
1005716
1008804
1008643
1014474
1011555
1005314
1002213
1008473
1007759
1012160
1001181
1003213
1000090
1004777
1002131
1005175
1005564
1004270
1005499
1012617
1004975
1004550
1005200
1004756
1001471
1005731
1048578
1000832
1005585
1007247
1007591
1000739
1005734
1000618
1004765
1039799
1011980
1005362
1003853
1011781
1001464
1005155
1001843
1002436
1007009
1005189
1001422
1005018
1000043
1002479
1002907
1003735
1009691
1009274
1001308
1003702
1006320
1006957
1006648
1006156
1021066
1006285
1007233
1012133
1008830
1003546
1014079
1006739
1007481
1006384
1004938
1010575
1002811
1001314
1014603
1005729
1006202
1008852
1003861
1009297
1008372
1004335
1000271
1000472
1000511
1000415
1003679
1001435
1003161
1000883
1005613
1009631
1001015
1006721
1005154
1006549
1038125
1005643
1002913
1001900
1021378
1010788
1039918
1006509
1007705
1004501
1000882
1000867
1006028
1009660
1010024
1005382
1010926
1001268
1006735
1001369
1005436
1001205
1009752
1007083
1001359
1013888
1009796
1002048
1002093
1009309
1005214
1001622
1014148
1003691
1005326
1004352
1004289
1007788
1003466
1007506
1003422
1008136
1000996
1000818
1003966
1012610
1000924
1007728
1002931
1004566
1010446
1006351
1019273
1011385
1000478
1001243
1002810
1005709
1002194
1034312
1001206
1004262
1003717
1005897
1000557
1005556
1114244
1002006
1000728
1000387
1007126
1000154
1011982
1001675
1046979
1004924
1003671
1003363
1008052
1001202
1013181
1001975
1006173
1005207
1008115
1006408
1003336
1005325
1005250
1010237
1004432
1006319
1003909
1003247
1004600
1004372
1005251
1000768
1011272
1014809
1000203
1002677
1004346
1000343
1007527
1006891
1005027
1009731
1001295
1000395
1002893
1002015
1007156
1001860
1000249
1000223
1006666
1007228
1005943
1049950
1053975
1021247
1038698
1035017
1012606
1000094
1001921
1006855
1005500
1004093
1009814
1025866
1005707
1007171
1003992
1007437
1010799
1000363
1009748
1005675
1008238
1009571
1009667
1000434
1005641
1005254
1004338
1004498
1008606
1008382
1004226
1000162
1008872
1038190
1046474
1007087
1015690
1008900
1001671
1004147
1002697
1004158
1001574
1001277
1007119
1000308
1006505
1006966
1002981
1003580
1004833
1004696
1002478
1002873
1002962
1000796
1002125
1003493
1006103
1007301
1006766
1053994
1040185
1004707
1001443
1007487
1009320
1009453
1008154
1000570
1002726
1007631
1009454
1007175
1001128
1063051
1010963
1020354
1019674
1040241
1054013
1010280
1003402
1018575
1004985
1001601
1001978
1004354
1037033
1014722
1014121
1001883
1131046
1020680
1006109
1008580
1006832
1001114
1006148
1011111
1018250
1003661
1012612
1006738
1003919
1002515
1003008
1001081
1004930
1007901
1006475
1003050
1007499
1005115
1007165
1008654
1002162
1006015
1006948
1004060
1003010
1001814
1004927
1000457
1005884
1013417
1000200
1001049
1001134
1000512
1065854
1009035
1000994
1003002
1008879
1040352
1040365
1029033
1013370
1018086
1016044
1000964
1011526
1007260
1007439
1007446
1008511
1003231
1007626
1000441
1009162
1008222
1001101
1009688
1004735
1004883
1005048
1012555
1000075
1005589
1002281
1000390
1004156
1000908
1008874
1040390
1006926
1048229
1007553
1008558
1009676
1010380
1001012
1019272
1016919
1005920
1003978
1010139
1004778
1010725
1000980
1009473
1008999
1014724
1013257
1005411
1001896
1008704
1000120
1000611
1007684
1003175
1003112
1000272
1020400
1003857
1008048
1003773
1000956
1002395
1018818
1038342
1009686
1007104
1009801
1006759
1015939
1007653
1009355
1005370
1009144
1005656
1003450
1014817
1011130
1013401
1011399
1004238
1021180
1005453
1006018
1008363
1000214
1009987
1005971
1004976
1005229
1001607
1000035
1041249
1013887
1005843
1000723
1003558
1008646
1000596
1002895
1007676
1005590
1008821
1004525
1006240
1002824
1006655
1007020
1001457
1014828
1000384
1005375
1006449
1007348
1009530
1000977
1004822
1009087
1005145
1007691
1007540
1003752
1007438
1002541
1001003
1009547
1006219
1018332
1034386
1008896
1005242
1000916
1007362
1001204
1002747
1010735
1006424
1006422
1002217
1004936
1001931
1006197
1009577
1005197
1005134
1003108
1008340
1004641
1005089
1004935
1047236
1115548
1004552
1000460
1006609
1001025
1005433
1007221
1023197
1006752
1000267
1011613
1001519
1014632
1017951
1003019
1002183
1012320
1008682
1006430
1005297
1013271
1001256
1000362
1005963
1004008
1022370
1007534
1006772
1000615
1006423
1003016
1003786
1003310
1008764
1004180
1005412
1001807
1013457
1005192
1009111
1004193
1002881
